extended: 0.0316157543829032
country: 0.03161400675719036
region: 0.0315555805231503
latitude: 0.022426235870422816
longitude: 0.01478143316419894
crit1: 0.03160736588335879
crit2: 0.03146090356805001
crit3: 0.03161481963979693
doubtterr: 0.0316157543829032
multiple: 0.0316157543829032
success: 0.0316157543829032
suicide: 0.0316157543829032
attacktype1: 0.03157530997554009
targtype1: 0.031614410531101915
targsubtype1: 0.03129827558358799
natlty1: 0.031614108657900854
claimed: 0.00998872387748911
compclaim: 0.013270108938041649
weaptype1: 0.013495570668408034
weapsubtype1: 0.03074984405048236
weaptype2: 0.014325174295576198
weapsubtype2: 0.03039394737965602
weaptype3: 0.02500416410111701
weapsubtype3: 0.025508956187082335
nkill: 0.0316157543829032
nkillus: 0.0316157543829032
nkillter: 0.0316157543829032
nwound: 0.0316157543829032
nwoundus: 0.0316157543829032
nwoundte: 0.0316157543829032
property: 0.03161543530115497
ishostkid: 0.031606338433888125
INT_LOG: 0.0316157543829032
INT_IDEO: 0.0316157543829032
INT_MISC: 0.010258725252160383
INT_ANY: 0.0316157543829032
